99
2525 1
2400 5
300 2
120 60
60 90
429144668 1
225015357 1296
347282776 1
17256264 286
508392612 1
293250732 4520
580283173 1
489383268 7139
50585717 1
35904218 7736
132347736 1
16413876 6755
1000000000 2
999999999 2
999999998 3
311451324 1
203461399 4257
438308665 1
218625913 4561
860242396 1
409536351 4859
291424478 1
289127499 5984
643387002 1
2069598 1229
672561898 1
83309196 1080
351097215 1
101455543 9322
398951249 1
122244976 9823
209117139 1
28807990 1520
912682030 1
540425178 6230
443302990 1
7120203 2094
294054054 1
132157401 2978
2 1
1 10000
499426647 1
227912768 127
563374099 1
431938145 7465
900892086 1
732931010 4998
118772391 1
2383472 5195
613420826 1
272670559 5719
871965244 1
848285555 1299
26431191 1
9487257 3199
838342110 1
513777691 3284
792844079 1
196140722 5635
859278682 1
257509005 1256
279620877 1
85457315 8484
789214550 1
82462719 655
1000000000 2
100 10000
200 10000
7244019 1
5978561 897
418493093 1
410759145 1669
446792289 1
297642683 4336
278127180 1
48666943 2444
626711664 1
485906561 1508
999979168 1
235686258 3611
369984466 1
44794542 6066
1000000000 1
999999999 1
941174356 2
486714885 8587
537445010 9105
641774542 1
55951826 7029
72300339 1
11197132 7450
998117347 1
520149123 107
1000000000 1
999999999 10000
214977940 1
30217892 3294
754943331 1
672747109 6876
221944661 1
80609742 1449
622405259 1
95173582 4523
135003899 1
85498249 2230
655038795 1
300447404 2588
332823373 1
212043936 2249
118828653 1
109128550 760
1000000000 1
1 1
2 1
1 1
668638519 1
281357107 6504
852330823 1
170504186 9210
716996492 1
348241679 2048
1000000000 2
998000000 1
999000000 1
2299287 1
1901138 2999
1000000000 1
1 10000
104411648 1
99623120 6048
1000000000 2
12345676 2
12345675 3
242501055 1
48321821 8845
204593375 1
74695782 1533
55236702 1
27958691 4997
10870613 1
635464 7833
1000000000 2
2 2
1 3
118834305 1
23108348 420
720818016 1
691331486 8824
1000000000 2
999999997 2
999999996 3
200000 2
5000 3
5001 1
298902687 1
289162108 1757
1000000000 2
999999998 2
999999997 3
576947610 1
268884239 1475
284632832 1
278255086 7353
741504017 1
176550465 4066
759809499 1
738792495 1706
443289021 1
332129199 9668
702846909 1
62853921 3359
140915490 1
26709124 18
658794979 1
256110111 6983
140980406 1
120005843 2108
615778331 1
208391542 5832
657269558 1
607207060 7941
330826351 1
30506869 2601
557555868 1
83915598 951
485224085 1
308408033 7200
652460818 1
262250504 8886
961236341 1
767382364 823
881203134 1
530933102 8734
461004439 1
317151511 1462
550937193 2
232433187 1307
116444517 4069
1000000000 2
999000000 10000
998000000 10000
300142949 1
191190763 3912
923129226 1
578423028 7056
