1000
83 98 82
65 77 76
29 21 89
34 16 89
41 97 37
19 25 7
50 20 90
46 13 25
25 24 95
17 53 33
95 95 17
63 74 95
53 48 96
67 5 11
98 83 39
7 83 47
93 6 84
1 23 57
54 7 5
60 4 61
40 58 61
89 84 47
16 48 34
23 58 58
0 20 21
76 47 70
82 55 91
70 100 38
41 67 73
57 76 73
28 11 21
44 7 12
36 87 6
32 27 27
66 17 16
66 30 100
24 98 37
58 16 65
75 18 61
82 24 95
100 45 18
49 47 74
85 67 94
18 75 3
35 71 80
91 83 54
2 67 55
22 41 17
99 99 99
5 97 10
79 91 11
58 58 81
12 59 63
85 86 56
35 73 75
15 40 98
10 5 43
12 85 59
21 94 36
82 47 46
100 6 31
95 33 26
100 23 20
37 87 8
91 5 25
54 69 77
23 21 97
59 75 48
39 62 18
57 75 37
95 59 36
17 2 33
4 1 83
49 86 5
43 82 18
69 44 38
75 79 54
60 2 68
55 71 46
96 95 29
80 78 67
23 8 13
28 13 37
43 24 79
41 9 44
93 40 71
20 11 46
24 1 68
19 90 69
95 22 15
79 12 10
52 91 16
74 86 67
72 45 65
42 33 100
23 79 47
73 94 6
1 23 28
45 83 96
43 19 26
39 68 89
46 60 37
16 39 79
59 30 95
41 5 75
98 80 87
75 76 37
4 92 13
4 62 87
50 65 61
17 24 45
85 71 33
47 74 14
31 43 35
0 34 29
45 62 57
63 73 6
68 85 59
3 31 48
45 24 7
38 86 11
68 13 87
53 3 4
63 39 40
60 100 78
70 16 5
78 3 72
4 95 82
7 62 58
61 56 2
53 22 1
82 77 39
100 84 31
83 12 56
15 19 12
12 33 57
62 17 79
0 10 42
34 64 3
7 52 33
84 75 56
83 62 4
33 60 68
62 86 17
93 28 75
20 28 98
7 56 41
60 52 78
13 69 20
20 46 63
1 52 5
61 34 14
30 9 85
98 23 27
96 67 6
50 95 41
4 38 5
42 12 84
67 56 15
97 44 60
98 100 65
50 91 58
95 82 27
12 24 3
100 89 96
90 14 81
66 26 38
94 6 97
84 5 4
4 79 33
37 13 100
17 42 4
13 64 55
28 81 52
93 8 68
20 60 75
50 58 100
99 92 73
92 40 17
47 27 41
10 36 76
19 67 40
54 84 33
65 70 12
2 64 93
74 32 14
44 88 41
56 91 37
16 11 38
100 39 9
34 38 11
46 100 56
39 39 55
10 33 56
74 9 58
49 37 81
38 91 22
21 99 3
98 39 27
78 84 95
28 75 45
82 56 91
87 81 48
64 38 29
79 100 64
81 69 83
8 31 78
99 91 5
93 81 97
20 56 69
77 75 10
85 85 71
48 19 14
77 76 20
33 36 11
43 47 33
16 93 89
21 60 67
32 96 39
26 7 46
57 64 92
33 17 14
96 23 25
44 60 67
99 92 60
17 52 13
50 27 13
21 89 97
95 62 96
79 46 84
13 46 10
58 90 100
76 85 40
55 68 37
17 26 74
10 9 17
10 67 92
5 47 9
38 68 94
12 98 95
37 26 33
2 32 95
36 41 40
36 17 39
4 8 40
76 87 22
2 96 76
67 95 83
15 72 4
60 24 94
89 74 71
72 98 89
100 63 3
53 46 81
4 42 74
86 41 9
21 88 44
2 93 86
49 48 55
10 34 81
78 21 43
55 83 24
100 33 89
87 15 84
52 71 59
93 91 57
82 35 76
52 27 39
4 87 25
18 28 91
6 74 32
51 39 32
95 61 13
84 18 41
37 2 41
99 62 71
61 11 30
14 33 90
95 11 94
26 4 85
13 68 39
99 70 27
82 20 52
12 72 83
90 16 86
31 80 31
7 72 10
38 92 85
100 54 94
60 38 13
93 26 48
82 47 30
96 28 17
90 67 82
100 90 10
0 15 62
43 41 16
4 47 5
21 17 22
52 69 42
66 89 30
53 97 9
25 25 97
29 35 24
97 10 91
40 29 7
98 4 46
72 53 57
44 95 98
92 55 47
18 75 8
11 92 53
62 48 83
58 18 38
51 46 69
55 47 53
1 94 5
52 96 17
58 20 9
72 96 80
50 42 68
84 38 75
56 84 29
74 35 91
75 97 59
97 58 73
67 68 52
12 55 55
38 36 53
5 77 3
54 70 59
73 43 35
32 43 54
90 77 46
29 21 13
21 52 78
38 10 22
40 79 88
85 55 91
6 53 79
80 46 30
76 7 28
55 84 13
61 65 100
72 36 27
91 86 32
51 65 58
75 30 25
65 89 98
46 54 18
90 69 64
61 6 25
69 96 28
93 73 87
44 19 7
84 90 1
96 46 9
41 48 10
69 39 59
37 17 62
12 88 91
20 41 6
9 67 78
67 10 77
81 79 13
88 40 84
17 75 28
24 81 77
89 8 11
72 15 93
85 85 34
75 33 74
32 67 10
33 39 73
47 68 48
91 35 47
69 3 81
80 65 25
49 22 17
97 10 17
50 36 93
53 80 34
75 63 74
59 98 12
71 83 38
53 6 61
2 72 59
16 43 68
38 3 52
42 35 78
34 92 25
82 70 56
71 28 11
67 48 15
8 88 1
83 25 47
49 42 78
67 43 20
96 97 9
46 25 23
64 85 30
56 57 34
81 14 29
77 89 75
14 63 94
89 80 24
49 43 41
21 53 4
48 55 54
84 40 70
84 70 75
8 20 80
25 68 86
55 48 15
37 29 63
73 44 1
46 4 73
25 74 22
8 64 34
98 28 93
12 8 16
82 79 96
52 37 89
35 43 32
6 36 66
14 65 87
11 73 54
19 71 93
55 99 81
90 48 65
90 63 36
80 60 28
46 60 87
27 5 38
28 96 15
55 3 20
85 12 5
61 89 91
95 85 81
44 35 57
98 22 42
49 2 81
23 36 86
45 54 78
31 3 8
40 47 81
91 77 63
14 72 37
67 94 53
31 90 6
84 48 1
55 94 47
4 57 29
6 26 84
14 89 2
86 92 88
0 42 24
30 15 68
85 9 98
19 54 59
73 67 79
8 7 32
43 81 99
8 47 90
100 47 93
31 47 82
7 78 53
34 72 75
46 18 82
53 48 15
89 99 82
100 27 67
97 18 34
81 64 70
21 28 21
25 65 34
91 74 34
4 25 17
83 39 80
55 32 37
16 66 92
25 54 15
36 22 35
37 24 17
62 24 38
7 52 70
100 64 45
0 89 69
1 45 6
4 86 31
32 71 93
31 86 25
60 57 42
26 57 61
41 12 92
51 7 31
53 76 77
31 46 91
8 2 87
13 55 55
13 66 1
10 33 33
5 19 45
63 43 23
34 98 65
12 71 89
7 29 92
74 73 98
61 63 52
2 20 12
84 93 54
15 74 4
7 79 5
63 75 34
45 58 33
47 12 95
57 92 78
10 33 21
51 26 61
71 28 4
33 58 9
47 88 70
38 8 35
90 69 60
75 83 75
38 87 35
67 58 20
82 28 71
21 61 42
13 82 4
100 76 79
65 91 93
7 13 96
1 73 59
55 82 21
92 3 36
32 94 82
95 52 21
83 81 21
38 13 28
3 40 45
49 79 11
63 18 95
19 7 99
95 53 33
10 72 100
69 62 92
63 38 11
49 32 95
88 76 98
34 29 37
98 38 32
44 5 97
18 66 28
100 70 91
84 58 8
75 28 25
33 61 4
56 80 4
91 2 11
48 77 79
87 66 72
36 60 91
4 17 11
75 31 59
17 81 100
67 1 56
28 95 98
88 17 98
57 52 31
36 98 30
29 90 66
83 41 63
54 53 91
18 13 17
23 24 41
25 61 69
81 53 85
76 21 60
24 57 9
46 74 16
75 37 68
79 31 94
47 53 21
73 81 29
84 26 67
30 83 16
78 22 46
80 53 38
69 25 52
25 43 87
36 86 34
75 40 70
64 20 30
6 12 13
86 67 92
63 93 100
20 24 95
45 94 28
99 13 4
98 85 64
30 41 28
1 87 21
9 77 77
68 55 29
70 72 24
66 90 100
65 88 97
97 82 93
86 89 75
21 63 84
65 81 74
36 64 15
19 23 85
86 15 32
30 60 84
33 18 17
10 32 14
81 38 43
65 18 82
39 5 38
60 83 20
86 54 55
20 14 88
16 46 80
51 82 15
15 90 92
77 83 58
65 69 32
72 40 83
80 94 17
65 48 46
55 58 79
12 9 17
67 43 16
10 19 4
87 93 35
97 14 17
75 69 6
42 58 87
33 20 79
35 9 73
15 48 19
75 52 73
95 21 59
39 68 98
52 79 8
61 53 3
90 72 20
60 87 90
0 20 25
19 80 12
39 42 75
53 89 74
23 35 44
27 6 1
28 46 55
45 3 87
87 22 56
66 20 11
38 18 74
14 46 40
91 10 23
72 21 28
52 71 98
34 85 73
5 20 37
23 74 80
8 59 6
92 82 14
97 37 34
32 46 61
93 79 38
37 43 86
64 81 11
74 76 22
77 97 48
92 4 28
87 20 40
100 1 1
90 98 72
27 86 68
49 35 2
35 55 45
52 90 42
99 26 64
78 71 68
33 56 65
82 87 30
73 66 59
94 29 22
14 30 25
6 68 91
69 82 83
55 36 81
75 18 15
97 87 65
57 48 78
67 53 15
90 24 63
1 74 53
13 9 38
58 63 62
18 89 10
21 81 30
99 35 58
1 97 39
7 13 7
54 86 32
46 65 73
70 91 100
81 3 94
19 57 99
92 7 98
98 41 60
8 61 41
81 40 43
5 36 8
62 67 78
55 37 9
61 18 70
11 32 65
93 85 66
60 29 94
36 4 21
100 35 40
10 86 69
31 11 98
31 37 19
75 23 60
52 22 97
1 54 73
19 87 86
77 31 9
68 94 26
71 52 15
43 72 63
59 31 96
40 76 92
99 70 86
55 94 27
45 4 63
64 82 82
17 69 21
23 1 19
59 30 79
84 79 48
100 31 47
34 72 48
7 38 80
7 55 65
98 42 24
1 55 20
71 59 9
66 98 21
63 90 6
79 13 6
0 39 48
30 94 18
4 45 66
64 96 55
13 64 42
18 95 60
30 17 52
76 10 62
60 86 100
73 29 39
22 54 16
52 29 5
37 33 85
77 91 2
61 38 36
30 57 67
69 18 21
17 6 40
27 65 77
91 63 31
57 53 73
50 45 96
56 48 75
67 77 35
79 40 83
43 99 74
53 52 65
46 13 17
39 62 19
69 74 98
25 93 2
3 66 73
94 24 53
70 57 74
56 61 7
28 88 81
57 10 21
23 5 33
18 22 25
51 57 31
42 7 15
34 78 66
56 30 6
36 61 83
76 86 17
94 7 87
76 27 10
30 25 5
95 85 18
20 73 83
14 81 78
52 68 7
67 83 21
23 60 91
31 10 68
2 77 57
25 55 35
39 81 80
85 2 99
32 98 7
96 74 56
10 22 75
2 94 46
67 45 63
45 12 15
28 1 34
29 25 59
63 42 23
28 43 83
6 90 7
97 69 86
31 57 62
97 61 94
40 29 19
19 13 36
26 20 90
89 48 41
27 23 72
39 12 84
18 56 55
62 46 8
62 18 5
54 18 72
16 58 27
75 36 52
3 8 88
59 46 2
89 37 94
84 90 42
23 76 96
94 29 61
13 98 74
8 100 13
85 70 9
22 20 89
0 57 27
30 64 56
3 38 18
83 88 33
74 13 7
84 98 25
28 44 77
76 23 47
100 91 42
47 88 38
79 94 60
92 100 81
32 38 20
56 82 23
77 23 24
53 61 85
89 42 1
15 29 66
9 67 98
24 84 57
81 16 88
10 55 27
51 16 84
96 31 25
10 38 38
66 96 69
9 100 8
38 15 17
70 29 55
87 40 57
100 17 30
55 4 97
15 87 67
46 13 67
71 76 48
93 21 57
77 21 90
88 17 100
38 4 1
77 46 98
29 2 60
18 61 15
32 47 87
77 41 62
84 98 55
92 67 54
79 48 79
2 59 23
32 60 75
99 10 38
8 44 91
59 82 94
46 59 25
15 14 85
53 85 73
8 92 17
53 77 48
16 15 64
13 78 5
1 22 6
13 42 34
50 69 97
23 17 75
23 66 83
79 6 30
20 46 39
96 46 59
34 59 57
40 5 31
31 11 66
50 78 61
48 39 20
44 62 13
65 42 19
8 90 85
84 74 99
16 96 54
44 52 32
25 76 48
25 43 2
17 31 57
17 37 79
44 27 57
91 86 25
28 100 1
94 20 21
41 85 26
56 22 38
0 55 55
52 33 14
62 44 84
88 98 52
29 37 5
28 9 52
8 61 3
81 45 30
86 82 81
88 93 40
77 89 85
17 46 54
93 73 82
12 72 15
42 65 78
47 8 15
69 11 77
95 88 7
14 59 83
51 76 26
100 31 11
78 28 15
78 53 78
73 4 82
48 46 58
20 56 46
31 9 91
0 92 67
85 73 70
85 33 65
73 94 45
11 45 87
35 97 48
32 68 96
22 75 38
93 68 55
90 47 68
30 74 67
19 77 72
66 19 66
15 81 30
34 74 94
5 100 52
87 63 16
28 2 36
76 58 19
59 60 85
10 37 85
27 56 28
39 85 37
50 22 62
33 69 55
33 44 96
52 58 41
56 35 42
4 99 34
37 33 18
19 59 93
76 9 32
19 41 36
