100
12359932084895220
912702168211371111
658246998358119808
528495757630287301
202273948527323947
48568513082170453
386345847577362076
671308611999370440
207737997776279751
489419997713958235
330074843832843458
8183586702069675
205710323018780438
4106265664160401
24128259706319935
99376579460300611
651636841430498008
743149564020669064
428801902605775951
143403330122995
586547208447640084
569154946009993
1969262994721600
289840645922654380
159168587139630817
197040534244442881
72563041513591410
523247431995875161
93978277931119057
689505491840686864
392222096353464000
616193341215331286
593812482371365
6885193782864517
65649964747298234
8660619914200843
11222406261916543
76219271313006780
187485297918523613
74694057815464633
125010414746854441
319503344440427589
652091425215975160
4802629759052620
252041219631339823
418497954753068520
79800982798576260
952262435397780040
229873573955300955
52731073839781513
531502995730046993
40149321972251311
647964273504455132
516014254158115445
253183112909383086
453180839593280746
42683532496570897
43118581602593617
548851012175456515
998744820814290928
16447977908976055
245019943472837715
295921635807657665
305077612560024283
47676126870552727
1000000000000000000
971361816216316564
28962978494558311
222231179666802463
64693368998639680
332094941358363457
903898212166210884
539164105745599027
940346033547220363
909784852262450661
23435478654668071
510324391237935379
665409060247124935
616527176470270471
11013137770895814
130988421880170303
981353396430073752
12631809754792845
28341442134979177
655857400969960
646539185904249421
157581544036404195
627075969038794051
556658945703316704
382954875737245477
11832599689329811
546375557977058761
534953974695665119
190758136623916
148131895210287655
823663034146353836
15885972449706304
11543549034187191
546072134718128907
29570803059600895
