100
4 3 12
3 2 1
1 5 2
8 1 1
3 2 30
1 2 27
3 2 1
4 1 11
2 1 2
4 1 5
8 2 2
5 10 5000
14 27 31
27 11 44
30 8 20
2000 4000 3
5 3 9
1 4 1
3 3 1
2 3 2
7 2 2
14 11 439
8 5 21
34 8 15
49 3 2
51 9 6
59 7 196
146 35 2
293 11 9
302 3 20
324 6 43
400 2 2
403 2 3
71 12 8
115 29 5
12 19 1730
10 16 1
11 4 48
40 18 4
55 5 11
92 3 219
380 8 16
430 19 5
435 8 15
135 15 26
649 12 43
33 24 15
3 10 501
99 3 377
492 2 9
5 32 138
22 21 1
12 27 17
57 23 8
63 14 3
10 6 286
3 6 1
3 2 121
125 40 1
85 4 93
211 9 1
269 5 2
87 4 1
17 5 3
241 4 6
10 9 732
6 5 1
12 6 2
15 8 1
10 8 2
8 6 192
211 260 4
479 4 113
726 9 1
729 5 3
12 48 773
35 28 2
40 15 96
86 14 6
163 17 25
200 38 10
221 17 15
242 20 4
251 38 2
117 46 115
741 3 1
742 29 31
3 144 1680
32 148 360
1604 28 76
7 49 128
1 50 2
3 33 17
19 31 12
83 7 2
38 17 20
110 45 17
6 13 4366
298 4 141
440 9 6
504 10 1
369 62 37
615 11 8
13 25 208
20 26 3
21 16 20
60 6 2
29 22 7
63 28 8
99 15 4
114 12 2
34 30 1
86 5 7
77 20 6
150 2 8
119 26 16
5 44 405
66 2 20
108 19 46
368 41 9
113 14 26
11 25 871
11 21 141
166 18 11
183 3 172
431 7 4
358 26 26
198 122 8
455 13 86
643 83 63
430 51 13
860 11 11
15 96 4662
72 78 138
546 18 6
552 66 84
390 180 6
762 12 66
786 54 42
564 114 480
1296 522 864
2970 60 24
2652 246 24
114 60 12
66 60 882
864 318 6
4380 42 90
3 34 541
457 5 25
221 33 30
2 110 1029
441 3 85
2 15 4305
11 12 5
8 61 1022
226 5 19
148 60 3
271 61 16
310 51 74
332 237 217
973 60 2
976 31 6
5 82 249
12 81 68
66 24 34
80 39 18
106 85 25
10 11 566
227 5 2
215 9 2
235 3 138
539 8 1
541 8 10
386 5 2
8 8 8
568 8 4
572 8 4
5 58 114
1 59 16
41 9 1
42 2 11
17 81 16
9 28 794
91 3 1
92 23 2
48 16 3
74 29 23
688 2 2
425 26 16
498 51 26
677 27 9
12 45 2072
18 41 2
20 2 29
17 35 13
69 38 9
89 21 4
101 44 3
40 40 367
675 4 1
696 11 232
937 23 8
947 26 6
10 19 125
15 8 11
11 22 4
37 12 8
21 10 1
54 6 4
63 3 3
68 12 18
58 14 8
100 5 15
8 8 2530
327 4 2
155 6 119
444 58 1
503 6 1
505 7 4
289 6 188
813 6 1
12 37 596
7 32 29
13 6 75
104 317 36
462 29 16
311 30 201
821 37 2
823 2 66
929 27 14
149 38 73
1091 28 10
974 26 17
10 12 1063
74 1 1
67 11 3
82 10 1
71 18 82
169 199 57
324 46 6
273 3 1
272 11 273
405 326 6
8 255 3970
195 130 235
1410 50 120
1550 215 145
1370 90 595
3595 205 65
3740 230 40
3855 145 115
6 23 1010
11 15 44
427 5 5
371 22 86
643 14 47
671 322 17
7 23 2731
65 4 1
39 18 3
10 9 1
64 40 7
91 20 402
512 272 18
13 496 2992
80 496 208
320 416 144
144 96 96
336 384 256
1040 464 32
672 352 48
944 512 320
1936 160 192
2208 208 112
2336 240 32
2032 384 16
1040 288 208
16 19 922
2 18 239
290 9 24
116 31 1
107 19 1
291 13 7
166 5 259
669 19 5
60 35 12
705 13 13
509 13 13
71 60 1
793 6 55
726 12 3
285 15 15
917 10 5
13 30 1714
3 29 1
3 2 10
6 6 86
59 38 3
110 15 12
161 10 6
146 38 2
174 378 1
336 47 47
666 19 12
200 75 20
240 14 3
9 50 1223
48 20 51
88 137 47
344 14 55
410 16 6
418 18 184
1029 33 2
474 38 28
204 165 29
2 110 2000
67 54 66
14 6 723
13 2 4
17 2 7
23 76 102
201 4 1
139 5 2
207 5 1
212 6 2
136 6 90
298 205 128
469 26 2
217 1 26
486 32 2
713 5 5
14 7 790
9 4 28
60 2 26
87 2 1
89 6 5
95 4 4
99 6 5
104 7 417
521 3 2
573 6 23
594 64 58
351 13 34
781 7 2
783 5 7
2 56 406
28 36 46
9 16 506
11 6 142
142 83 17
70 18 6
49 13 46
287 54 24
206 48 32
433 3 10
448 3 1
2 228 2980
720 6 18
3 30 57
6 27 8
15 6 18
10 27 4324
1 28 3
2 6 10
20 3 195
373 7 8
440 13 20
399 8 95
655 16 79
952 15 7
960 27 19
2 212 458
97 166 196
13 20 604
9 16 1
9 8 10
23 19 31
68 61 5
142 4 12
161 7 6
151 137 19
307 14 28
338 15 1
304 5 148
580 2 1
183 38 3
2 221 3824
180 45 168
15 21 711
8 16 9
1 26 50
30 27 22
88 34 10
113 114 1
119 10 9
218 226 1
267 15 4
465 8 2
467 18 2
469 6 199
296 27 3
678 13 8
57 32 14
6 68 840
313 4 273
345 98 23
127 67 2
397 30 150
401 30 7
13 407 2827
187 286 11
88 209 264
660 308 55
880 77 308
1199 88 22
583 319 11
1232 132 66
264 187 264
946 363 99
715 253 11
2332 132 374
2453 253 121
2 32 3850
58 3 11
7 85 3720
220 15 265
570 40 15
520 400 5
925 60 10
750 125 2095
1900 585 65
16 351 3276
117 468 117
117 234 117
468 351 234
351 351 234
702 117 117
468 117 234
1170 117 234
117 117 117
819 468 117
1989 234 117
2223 234 117
702 117 117
1755 351 117
1989 351 117
2925 234 351
7 22 870
10 17 4
23 10 57
71 363 62
537 5 3
547 17 222
853 15 17
16 21 664
6 17 148
160 13 3
53 20 1
155 15 1
223 6 6
236 15 3
23 20 34
241 22 1
334 18 15
388 8 5
393 19 71
482 9 4
200 21 67
518 16 41
215 54 17
14 32 207
7 27 3
9 8 7
32 27 3
36 8 1
38 20 6
36 11 4
53 13 7
79 19 24
59 16 13
122 3 5
62 34 7
155 31 3
166 5 32
6 83 4295
29 65 28
32 30 281
196 80 40
482 43 62
323 11 48
7 53 1814
17 47 44
50 13 9
74 32 299
253 20 25
235 113 177
666 21 26
2 31 673
950 4 21
8 26 3095
227 3 13
158 35 11
212 15 6
94 31 4
326 15 12
346 8 1
205 13 2
2 8 4090
2 7 2
10 50 733
384 2 34
387 45 16
153 11 16
498 5 30
541 21 36
282 63 31
396 17 1
636 42 23
675 43 17
7 16 634
121 2 18
134 108 8
254 7 8
293 9 194
147 82 31
622 15 12
12 38 1023
3 38 13
10 126 5
63 21 115
250 113 12
377 33 13
222 46 181
479 78 88
392 79 10
798 29 11
817 9 16
852 7 2
4 10 526
1 10 36
523 3 1
173 4 1
9 5 555
2 4 1
1 2 171
202 5 1
78 3 314
314 20 1
464 6 3
539 3 2
486 4 5
4 97 2542
69 84 14
101 55 464
684 33 39
16 36 1309
9 37 3
5 8 6
11 8 29
52 8 3
19 175 22
157 37 60
324 28 15
132 34 5
388 3 22
354 8 21
211 200 7
724 4 2
209 35 72
449 177 100
1106 33 23
3 135 190
59 77 19
94 38 22
10 252 2072
14 245 28
28 133 7
105 84 7
77 245 833
1008 616 210
1792 721 7
1568 238 7
1057 259 112
2345 196 63
14 9 355
56 4 8
55 9 24
80 57 23
168 3 1
41 12 30
239 9 13
265 8 2
195 6 1
77 10 2
279 3 2
277 53 10
200 12 8
18 2 3
10 38 214
27 15 19
63 5 2
55 34 11
68 32 4
56 25 2
72 38 15
96 48 6
169 24 10
192 4 22
5 51 563
5 52 140
254 14 1
64 33 97
537 10 26
16 13 262
2 12 53
91 9 43
139 12 1
75 2 9
119 22 12
67 9 8
110 11 2
198 10 102
331 7 5
198 10 2
40 5 65
423 5 11
249 25 44
504 4 4
114 12 5
4 30 581
27 21 4
23 17 9
558 15 23
4 483 4837
1043 14 49
1316 175 2569
3647 637 315
2 77 3560
29 52 24
12 22 433
20 5 2
24 11 12
37 22 20
35 79 4
23 8 167
302 16 6
313 10 16
330 13 10
206 63 1
400 16 6
390 11 21
14 232 1896
128 168 24
152 144 24
64 312 192
280 96 208
344 40 80
344 320 56
528 128 24
784 168 40
656 56 24
752 232 104
488 144 24
1296 128 216
1648 200 120
5 91 896
79 74 41
293 77 18
125 55 518
1054 3 67
14 19 2224
32 3 6
23 16 28
53 85 2
140 5 4
146 11 16
162 16 122
312 9 4
326 6 32
355 72 5
434 15 216
646 20 84
790 2 40
156 28 11
12 15 85
11 6 1
8 5 11
27 10 1
19 16 8
28 15 1
46 8 2
9 9 7
62 14 2
13 1 3
43 12 2
56 15 3
16 16 509
10 7 3
7 12 363
397 15 3
400 11 14
460 7 14
480 13 17
262 12 1
515 9 6
526 2 1
529 8 5
535 6 6
76 5 1
543 4 1
464 16 1
46 23 5
4 15 253
3 14 13
9 161 35
239 4 14
14 25 661
19 20 3
24 7 18
18 15 5
68 23 9
21 4 1
24 9 9
91 12 219
295 522 45
144 71 23
909 11 18
995 15 2
229 45 2
609 12 24
6 255 2945
225 60 1260
1740 20 15
1210 350 45
2325 250 65
1475 725 20
2 88 69
23 88 16
6 33 2485
22 22 164
165 43 31
141 19 17
57 37 440
135 93 24
3 8 2553
6 4 301
445 3 8
11 26 1429
13 18 2
29 7 18
13 13 5
43 72 1
83 6 5
108 445 4
572 5 2
488 10 2
142 16 1
613 24 5
11 7 344
5 3 4
8 3 2
5 3 35
169 3 1
33 3 27
322 7 1
144 7 1
67 2 1
70 6 1
330 2 6
10 53 1195
134 2 101
229 31 1
237 48 185
581 17 19
348 69 37
676 7 77
1032 48 68
1068 34 45
1168 2 27
10 44 1122
17 28 26
25 21 7
63 44 2
28 39 270
421 32 74
546 19 1
552 5 237
661 43 27
318 76 44
16 19 918
4 18 1
20 8 4
8 16 4
12 2 151
386 13 32
371 28 68
75 46 6
420 26 1
555 2 10
375 13 105
702 18 33
742 2 18
760 8 2
329 26 5
784 17 4
16 8 4706
33 3 2
18 9 21
50 50 1
103 4 6
24 5 2
111 2 84
135 55 3
22 10 3
26 7 198
243 205 1
654 6 25
576 8 6
687 7 117
903 2 37
299 22 3
3 162 2444
96 72 268
674 146 124
16 5 530
35 5 3
38 4 1
17 1 5
39 31 3
76 4 2
38 5 1
81 3 1
7 3 1
85 4 47
260 4 62
166 4 15
362 2 1
155 2 87
519 3 5
527 4 3
