100
4 2
5 2
6 2
1000 1000
1000 1
999 127
1000 489
1000 384
500 250
526 524
1000 512
579 477
999 1
317 271
409 377
715 593
999 998
857 826
500 116
869 680
452 391
1000 999
500 127
999 498
612 489
1000 256
999 512
1000 511
2 1
500 256
500 499
903 847
912 713
1000 128
579 481
500 89
500 245
846 839
1000 501
500 253
365 361
999 2
999 487
999 488
942 907
500 244
1000 498
324 310
641 495
999 255
796 603
999 128
500 155
457 439
999 263
349 287
1000 2
999 999
269 210
1000 127
3 1
608 470
2 2
1000 500
500 2
3 2
500 1
659 557
1000 255
391 294
1000 488
1 1
999 497
866 763
999 499
479 427
5 1
500 117
500 255
831 713
551 531
999 489
754 585
999 511
814 772
4 1
1000 499
465 424
887 831
500 500
500 249
690 553
807 695
500 248
264 224
829 672
307 235
999 256
500 128
338 322
