100
4 2
5 2
6 2
1000 1000
1000 1
999999 127
538175 421554
999999 475711
895272 862539
500000 500000
999999 1
3 2
599427 521510
1000000 1
607715 517135
5 1
1000000 499999
999999 268527
888940 672595
1000000 500524
2 2
1000000 127
572078 456103
1000000 1000000
584955 479320
500000 262143
1000000 128
999999 2
500000 250000
273030 230026
397171 380213
676649 612865
262810 250496
500000 155367
999999 999999
475475 445398
974014 805424
877992 833904
500000 237856
4 1
500000 131071
500000 249999
811359 651731
3 1
1000000 262144
999999 499998
999999 475712
477888 411065
991757 936731
999999 499999
1 1
500000 128
1000000 475713
351818 287651
1000000 379385
1000000 2
500000 262144
884973 860041
646670 509958
305894 230869
500000 257185
500000 131072
815647 731940
1000000 499998
1000000 475712
999999 999998
1000000 524288
999999 524287
436820 338539
576532 502307
2 1
500000 237857
332603 286156
894795 866700
500000 499999
999999 128
1000000 500000
999999 499997
999999 476967
864943 794806
767705 631047
494755 466972
742512 710070
500000 2
500000 249998
319878 283761
1000000 524287
345771 265991
500000 1
500000 127
491601 482691
999999 262144
1000000 262143
408546 315620
999999 524288
359934 335741
978042 918338
556726 434047
999999 262143
1000000 999999
